1742988863237 0.9041268825531006 0
1742989105678 0.9252117276191711 1
1742989346384 0.9394485354423523 2
1742989576655 0.9533249139785767 3
1742989809397 0.9547666311264038 4
1742990052138 0.9592719674110413 5
1742990277456 0.9666606783866882 6
1742990496893 0.9646783471107483 7
1742990712688 0.9700847268104553 8
1742990950970 0.9747702479362488 9
1742991190015 0.9763921499252319 10
1742991416991 0.9785546660423279 11
1742991660772 0.9790953397750854 12
1742991915981 0.9805370569229126 13
1742992229367 0.981978714466095 14
