1742988863237 0.4827106297016144 0
1742989105678 0.4033045470714569 1
1742989346384 0.33659493923187256 2
1742989576655 0.27985769510269165 3
1742989809397 0.2579675316810608 4
1742990052138 0.21468998491764069 5
1742990277456 0.18876436352729797 6
1742990496893 0.1783880591392517 7
1742990712688 0.15154854953289032 8
1742990950970 0.13567492365837097 9
1742991190015 0.12398676574230194 10
1742991416991 0.1178259328007698 11
1742991660772 0.10690759867429733 12
1742991915981 0.0969884917140007 13
1742992229367 0.09186321496963501 14
